                                                                           
     10      24     20     10      24     20      28       1
     8       40.00000000      0.11598100      1.00000000      0.00000000      0.00000000      0.00000000
     9726.8336296644        4.0000000000       60.0000000000     0
   1   C     4.00
   1       0.214965823    0.000000000    0.066382059    1
   2       0.185958603    0.000000000    0.126744809    1
   3       0.082164899    0.000000000    0.209390854    1
   4       0.016862364    0.000000000    0.224250871    1
   5      -0.112524912    0.000000000    0.194802195    1
   6      -0.164934457    0.000000000    0.153071456    1
   7      -0.222431641    0.000000000    0.033484397    1
   8      -0.222431641    0.000000000   -0.033484397    1
   9      -0.164934457    0.000000000   -0.153071456    1
  10      -0.112524912    0.000000000   -0.194802195    1
  11       0.016862364    0.000000000   -0.224250871    1
  12       0.082164899    0.000000000   -0.209390854    1
  13       0.185958603    0.000000000   -0.126744809    1
  14       0.214965823    0.000000000   -0.066382059    1
  15       0.222431641    0.057990433    0.033484397    1
  16       0.164934457    0.057990433    0.153071456    1
  17       0.112524912    0.057990433    0.194802195    1
  18      -0.016862364    0.057990433    0.224250871    1
  19      -0.082164899    0.057990433    0.209390854    1
  20      -0.185958603    0.057990433    0.126744809    1
  21      -0.214965823    0.057990433    0.066382059    1
  22      -0.214965823    0.057990433   -0.066382059    1
  23      -0.185958603    0.057990433   -0.126744809    1
  24      -0.082164899    0.057990433   -0.209390854    1
  25      -0.016862364    0.057990433   -0.224250871    1
  26       0.112524912    0.057990433   -0.194802195    1
  27       0.164934457    0.057990433   -0.153071456    1
  28       0.222431641    0.057990433   -0.033484397    1
  3.379973317E-07  3.534424144E-07  4.060360547E-07  4.862195017E-07  6.102226259E-07
  8.057984030E-07  1.075203757E-06  1.426491118E-06  1.926447837E-06  2.685118826E-06
  3.788108248E-06  5.293774818E-06  7.342655696E-06  1.023622161E-05  1.431015908E-05
  1.983617681E-05  2.719797222E-05  3.719400913E-05  5.096073078E-05  6.971721061E-05
  9.498778844E-05  1.294406020E-04  1.773336299E-04  2.439870778E-04  3.355283334E-04
  4.602727457E-04  6.309783461E-04  8.652204943E-04  1.183620455E-03  1.608964787E-03
  2.168273005E-03  2.895263679E-03  3.828220999E-03  5.002528993E-03  6.441942626E-03
  8.152141363E-03  1.011623980E-02  1.228903437E-02  1.458906245E-02  1.689361686E-02
  1.904480764E-02  2.086971993E-02  2.220844080E-02  2.294033123E-02  2.300310955E-02
  2.240219544E-02  2.120722658E-02  1.953621467E-02  1.753419711E-02  1.535322873E-02
  1.313525510E-02  1.099790688E-02  9.025861473E-03  7.270354517E-03  5.755245778E-03
  4.484554985E-03  3.447449117E-03  2.621032071E-03  1.974252489E-03  1.474167173E-03
  1.091658242E-03  8.032735479E-04  5.893514497E-04  4.321266837E-04  3.163981866E-04
  2.309924658E-04  1.684639141E-04  1.232549743E-04  9.046826017E-05  6.621742397E-05
  4.812664502E-05  3.487324830E-05  2.532074788E-05  1.832052243E-05  1.307984001E-05
  9.234346316E-06  6.548423968E-06  4.683075953E-06  3.329151658E-06  2.337124118E-06
  1.651054075E-06  1.188565300E-06  8.481973086E-07  5.873672283E-07  4.040436001E-07
  2.888785264E-07  2.111512767E-07  1.528250184E-07  1.134007902E-07  9.314597144E-08
  8.095151473E-08  6.805642499E-08  5.301643982E-08  4.128707243E-08  3.241736721E-08
  2.373459106E-08  1.848823795E-08  1.782558120E-08  2.073495413E-08  2.465164412E-08
  2.696374737E-08  3.043817215E-08  3.479789998E-08  4.070705062E-08  4.607404464E-08
  5.117921440E-08  5.839132159E-08  6.842620016E-08  7.863963238E-08  8.699271397E-08
  9.666216288E-08  1.150197153E-07  1.391936319E-07  1.682374431E-07  2.203502379E-07
  3.234523666E-07  4.865814215E-07  7.017936066E-07  1.005170907E-06  1.477490984E-06
  2.180218648E-06  3.131601658E-06  4.458211483E-06  6.445956980E-06  9.395597944E-06
  1.354009222E-05  1.932810112E-05  2.767330864E-05  3.970594847E-05  5.658676118E-05
  8.022866879E-05  1.141209797E-04  1.631912025E-04  2.337086640E-04  3.353394289E-04
  4.840028599E-04  7.028113339E-04  1.022991579E-03  1.490735324E-03  2.178313541E-03
  3.191098043E-03  4.673526543E-03  6.832310201E-03  9.979045354E-03  1.456342877E-02
  2.118599038E-02  3.063090266E-02  4.394021275E-02  6.241431659E-02  8.736478521E-02
  1.195852528E-01  1.586668131E-01  2.022453076E-01  2.453020593E-01  2.802419279E-01
  2.988684690E-01  2.960595710E-01  2.726474207E-01  2.349365088E-01  1.913068140E-01
  1.487808447E-01  1.115742312E-01  8.138064863E-02  5.820896732E-02  4.112075905E-02
  2.881574089E-02  2.006089781E-02  1.388875581E-02  9.584994165E-03  6.607480470E-03
  4.548122857E-03  3.122580981E-03  2.142116581E-03  1.473003744E-03  1.015007307E-03
  6.989234029E-04  4.817737896E-04  3.346378878E-04  2.345654647E-04  1.648313298E-04
  1.157081217E-04  8.168999240E-05  5.827461267E-05  4.168029546E-05  2.964302378E-05
  2.106123062E-05  1.504866880E-05  1.074110449E-05  7.591382449E-06  5.354283016E-06
  3.819191122E-06  2.755093250E-06  1.994237217E-06  1.456022533E-06  1.079057466E-06
  8.124069787E-07  6.280861920E-07  5.055538611E-07  4.205869578E-07  3.601984989E-07
  3.358826432E-07  3.540272667E-07  4.074603203E-07  4.876457705E-07  6.117375335E-07
  8.055132546E-07  1.074172043E-06  1.425657499E-06  1.926080124E-06  2.686425233E-06
  3.789243968E-06  5.292611452E-06  7.344997620E-06  1.024877261E-05  1.432657488E-05
  1.984592539E-05  2.722092365E-05  3.727202476E-05  5.111811758E-05  6.993507133E-05
  9.528652340E-05  1.299620387E-04  1.782914631E-04  2.455511506E-04  3.378904837E-04
  4.639941002E-04  6.371126335E-04  8.750918553E-04  1.198682236E-03  1.631405381E-03
  2.202270060E-03  2.947511942E-03  3.907424275E-03  5.119013227E-03  6.608623090E-03
  8.386730000E-03  1.044228883E-02  1.273388185E-02  1.517953796E-02  1.765123110E-02
  1.998115501E-02  2.198232035E-02  2.347772164E-02  2.432898189E-02  2.445881054E-02
  2.386375863E-02  2.261295331E-02  2.083233951E-02  1.868126386E-02  1.632918473E-02
  1.393523814E-02  1.163148309E-02  9.512751198E-03  7.635580549E-03  6.024404820E-03
  4.680061075E-03  3.586983045E-03  2.718419868E-03  2.040899500E-03  1.519447267E-03
  1.122605769E-03  8.244662716E-04  6.035920882E-04  4.414761448E-04  3.225553676E-04
  2.351724171E-04  1.713273170E-04  1.251272615E-04  9.164786891E-05  6.699720305E-05
  4.868839260E-05  3.526472700E-05  2.555722303E-05  1.845590423E-05  1.317264624E-05
  9.310620956E-06  6.601358613E-06  4.711096085E-06  3.341996082E-06  2.345526177E-06
  1.656392771E-06  1.189987212E-06  8.487622719E-07  5.875756194E-07  4.036405961E-07
  2.878488409E-07  2.095952873E-07  1.509808061E-07  1.112483940E-07  8.997652135E-08
  7.720416707E-08  6.385459925E-08  4.969308502E-08  3.854684370E-08  2.981154007E-08
  2.183624618E-08  1.659187137E-08  1.512030676E-08  1.704206462E-08  2.003869413E-08
  2.204468125E-08  2.519236879E-08  2.936330580E-08  3.516319084E-08  4.027766605E-08
  4.532256576E-08  5.154456735E-08  6.144902266E-08  7.162520321E-08  8.005249576E-08
  9.077318347E-08  1.097029288E-07  1.354965429E-07  1.662052449E-07  2.193787618E-07
  3.225168057E-07  4.850639740E-07  7.001148255E-07  1.002500738E-06  1.471950830E-06
  2.168979996E-06  3.115546192E-06  4.436773635E-06  6.414868371E-06  9.347702438E-06
  1.346151639E-05  1.920662834E-05  2.749705610E-05  3.945577195E-05  5.622428363E-05
  7.967838992E-05  1.132719776E-04  1.619039212E-04  2.317758358E-04  3.323994873E-04
  4.794672035E-04  6.957973015E-04  1.012149545E-03  1.473849784E-03  2.151803290E-03
  3.149578606E-03  4.608892348E-03  6.731339811E-03  9.819726124E-03  1.431094045E-02
  2.078745140E-02  3.000495159E-02  4.295920789E-02  6.088513277E-02  8.501899549E-02
  1.160855959E-01  1.536352831E-01  1.953384606E-01  2.363720790E-01  2.695532421E-01
  2.872095467E-01  2.845732791E-01  2.624191095E-01  2.266211051E-01  1.850344740E-01
  1.443150798E-01  1.085325318E-01  7.938112619E-02  5.692984382E-02  4.031533792E-02
  2.831069774E-02  1.974416226E-02  1.369111586E-02  9.462850847E-03  6.532300215E-03
  4.501549372E-03  3.093464703E-03  2.123854565E-03  1.461563799E-03  1.007909567E-03
  6.946351946E-04  4.792352776E-04  3.330799108E-04  2.335402916E-04  1.641644383E-04
  1.153374525E-04  8.151763290E-05  5.817902802E-05  4.160134011E-05  2.958308359E-05
  2.103110144E-05  1.503843695E-05  1.073534291E-05  7.584672094E-06  5.350880192E-06
  3.818489542E-06  2.753288951E-06  1.992176773E-06  1.453461421E-06  1.077011695E-06
  8.104972024E-07  6.265273751E-07  5.042558641E-07  4.204219610E-07  3.601931318E-07
  3.430311222E-07  3.645922623E-07  4.182132838E-07  4.979092840E-07  6.211320711E-07
  8.131575989E-07  1.080459081E-06  1.431516798E-06  1.933856001E-06  2.697948244E-06
  3.799486528E-06  5.297521360E-06  7.359124176E-06  1.028859219E-05  1.438044572E-05
  1.988951423E-05  2.730177375E-05  3.750174139E-05  5.156541907E-05  7.057011973E-05
  9.619395268E-05  1.315404364E-04  1.811166602E-04  2.501187082E-04  3.448447671E-04
  4.749744395E-04  6.551075904E-04  9.039302295E-04  1.242852612E-03  1.697844732E-03
  2.303451785E-03  3.102842163E-03  4.142363464E-03  5.464966312E-03  7.106605807E-03
  9.092948948E-03  1.142959198E-02  1.408585342E-02  1.697924634E-02  1.996782097E-02
  2.285559664E-02  2.541291429E-02  2.740817162E-02  2.864417673E-02  2.899261183E-02
  2.841929382E-02  2.699116154E-02  2.486094285E-02  2.223614871E-02  1.934368742E-02
  1.639767300E-02  1.357464691E-02  1.099977849E-02  8.745063091E-03  6.836498777E-03
  5.265717088E-03  4.002870299E-03  3.008143708E-03  2.239028406E-03  1.653780234E-03
  1.213998460E-03  8.867444872E-04  6.453960349E-04  4.689571957E-04  3.406430137E-04
  2.474011091E-04  1.796739677E-04  1.306119431E-04  9.512878071E-05  6.929270191E-05
  5.032424049E-05  3.640640240E-05  2.626437660E-05  1.887435795E-05  1.346087400E-05
  9.538607999E-06  6.757956431E-06  4.799185370E-06  3.390167250E-06  2.379307500E-06
  1.679445145E-06  1.201061794E-06  8.544131834E-07  5.927011958E-07  4.082432730E-07
  2.898392401E-07  2.105310506E-07  1.519476446E-07  1.117916934E-07  8.794249510E-08
  7.360663632E-08  5.971038052E-08  4.715303982E-08  3.765353683E-08  3.041779694E-08
  2.353842490E-08  1.801401984E-08  1.492200597E-08  1.442692082E-08  1.518321536E-08
  1.620969441E-08  1.845714377E-08  2.192963925E-08  2.745278062E-08  3.162985663E-08
  3.621056520E-08  4.134926295E-08  5.066811878E-08  6.045545631E-08  6.926590400E-08
  8.205126962E-08  1.029676467E-07  1.322469710E-07  1.669263752E-07  2.228409437E-07
  3.261454711E-07  4.876726330E-07  7.016995701E-07  1.000962690E-06  1.462634228E-06
  2.144983364E-06  3.076708155E-06  4.381791841E-06  6.332625650E-06  9.215003188E-06
  1.324456804E-05  1.887034696E-05  2.699704459E-05  3.872947251E-05  5.515789453E-05
  7.806371800E-05  1.107964312E-04  1.581512120E-04  2.261289233E-04  3.237919166E-04
  4.661722630E-04  6.752682279E-04  9.805150099E-04  1.424719667E-03  2.074814833E-03
  3.029097311E-03  4.421474709E-03  6.439213507E-03  9.360443723E-03  1.358585245E-02
  1.964725568E-02  2.822198063E-02  4.017972594E-02  5.657781520E-02  7.845097928E-02
  1.063484160E-01  1.397349422E-01  1.764060491E-01  2.120795071E-01  2.406502851E-01
  2.557839779E-01  2.536069090E-01  2.347458067E-01  2.039819912E-01  1.678239343E-01
  1.319628377E-01  1.000575275E-01  7.377376181E-02  5.332088972E-02  3.802955853E-02
  2.686999850E-02  1.883712940E-02  1.312337175E-02  9.110633783E-03  6.314419476E-03
  4.365984781E-03  3.008600883E-03  2.070710851E-03  1.428332514E-03  9.872578661E-04
  6.820704311E-04  4.717436557E-04  3.284901593E-04  2.305492969E-04  1.622372814E-04
  1.142615314E-04  8.099626253E-05  5.788093164E-05  4.136791084E-05  2.941798176E-05
  2.095698730E-05  1.501670120E-05  1.072269634E-05  7.572132121E-06  5.345975201E-06
  3.821062932E-06  2.754563200E-06  1.991276765E-06  1.452497806E-06  1.078717243E-06
  8.123946235E-07  6.287633213E-07  5.082108047E-07  4.269401041E-07  3.689461663E-07
  3.580042493E-07  3.807698283E-07  4.339206628E-07  5.125440317E-07  6.343629757E-07
  8.281823645E-07  1.093685345E-06  1.443429661E-06  1.949884994E-06  2.719374708E-06
  3.817869171E-06  5.306840483E-06  7.379702613E-06  1.034499133E-05  1.446591416E-05
  1.998050055E-05  2.745171093E-05  3.785355259E-05  5.222550563E-05  7.156355819E-05
  9.770883840E-05  1.341539929E-04  1.856327933E-04  2.573324639E-04  3.559832092E-04
  4.926768215E-04  6.838711851E-04  9.496871247E-04  1.313361427E-03  1.805502667E-03
  2.468850297E-03  3.356500851E-03  4.525052393E-03  6.030576802E-03  7.929514672E-03
  1.027465021E-02  1.309818778E-02  1.638738681E-02  2.006327999E-02  2.396818718E-02
  2.786435022E-02  3.144803857E-02  3.438357825E-02  3.635550278E-02  3.712939007E-02
  3.660534902E-02  3.484420181E-02  3.205374643E-02  2.854081019E-02  2.464822901E-02
  2.069601031E-02  1.694004081E-02  1.355433065E-02  1.063300787E-02  8.202629123E-03
  6.239024268E-03  4.687436705E-03  3.482726710E-03  2.562876291E-03  1.872494575E-03
  1.361623664E-03  9.865269299E-04  7.122379546E-04  5.129882810E-04  3.695807695E-04
  2.668095890E-04  1.928412444E-04  1.393269781E-04  1.007194001E-04  7.296518762E-05
  5.289060161E-05  3.818937433E-05  2.740186269E-05  1.957355269E-05  1.393891206E-05
  9.894013999E-06  6.994778667E-06  4.934501461E-06  3.470959125E-06  2.437643574E-06
  1.717092268E-06  1.217995103E-06  8.600373168E-07  5.979681616E-07  4.136136580E-07
  2.910248753E-07  2.105406554E-07  1.528588885E-07  1.132143159E-07  8.696065487E-08
  7.041044510E-08  5.663615386E-08  4.573376281E-08  3.784841982E-08  3.303607551E-08
  2.736856097E-08  2.197294656E-08  1.733122309E-08  1.429700967E-08  1.275043893E-08
  1.185828763E-08  1.268404342E-08  1.455768958E-08  1.889646442E-08  2.221611987E-08
  2.603944914E-08  3.100951005E-08  3.894933233E-08  4.851320669E-08  5.837504284E-08
  7.221480964E-08  9.607374827E-08  1.291970836E-07  1.691683739E-07  2.287696586E-07
  3.322454770E-07  4.921381752E-07  7.031072197E-07  9.969038913E-07  1.446417937E-06
  2.109442903E-06  3.018690089E-06  4.295672968E-06  6.200150906E-06  9.002734239E-06
  1.291216514E-05  1.836032861E-05  2.622181497E-05  3.757455349E-05  5.344467918E-05
  7.548666210E-05  1.068801028E-04  1.522294118E-04  2.172026543E-04  3.101618008E-04
  4.451070916E-04  6.427816222E-04  9.306541166E-04  1.347686767E-03  1.954571478E-03
  2.841250280E-03  4.129772081E-03  5.986505563E-03  8.653410051E-03  1.247755696E-02
  1.791686708E-02  2.553854658E-02  3.603906495E-02  5.023378354E-02  6.888879180E-02
  9.233937469E-02  1.199926675E-01  1.498908091E-01  1.785171234E-01  2.011470675E-01
  2.130815716E-01  2.115130560E-01  1.968842126E-01  1.726554640E-01  1.436724977E-01
  1.143769458E-01  8.782968124E-02  6.558427074E-02  4.798768557E-02  3.461284494E-02
  2.469483674E-02  1.745737604E-02  1.225455170E-02  8.567841433E-03  5.975691208E-03
  4.153649700E-03  2.875384305E-03  1.987496391E-03  1.376395402E-03  9.548450472E-04
  6.621363446E-04  4.597399875E-04  3.211505984E-04  2.258371817E-04  1.592384981E-04
  1.125593714E-04  8.011767944E-05  5.735759254E-05  4.098328954E-05  2.917055288E-05
  2.085534101E-05  1.498582521E-05  1.069760897E-05  7.550135614E-06  5.338616041E-06
  3.825307521E-06  2.755644316E-06  1.987124013E-06  1.451801386E-06  1.082677628E-06
  8.165619559E-07  6.318773942E-07  5.139945078E-07  4.360047634E-07  3.817181067E-07
  3.706482130E-07  3.943632967E-07  4.474476301E-07  5.248451467E-07  6.466551204E-07
  8.427312149E-07  1.107066946E-06  1.457138725E-06  1.969055858E-06  2.745836836E-06
  3.840436437E-06  5.317826349E-06  7.401505544E-06  1.041016061E-05  1.457499475E-05
  2.011925979E-05  2.767089386E-05  3.829342195E-05  5.302050944E-05  7.284130773E-05
  9.978560165E-05  1.376899841E-04  1.915225986E-04  2.666610118E-04  3.706535999E-04
  5.162347919E-04  7.218074165E-04  1.009519670E-03  1.406204860E-03  1.949483586E-03
  2.692134463E-03  3.699060308E-03  5.041897257E-03  6.800104994E-03  9.064406089E-03
  1.192787833E-02  1.546102301E-02  1.968172391E-02  2.452935326E-02  2.984080059E-02
  3.532800170E-02  4.057355322E-02  4.506585665E-02  4.827920880E-02  4.978402585E-02
  4.935571748E-02  4.704038703E-02  4.314597834E-02  3.816153724E-02  3.263935924E-02
  2.708324472E-02  2.187543192E-02  1.725481360E-02  1.333429010E-02  1.013086252E-02
  7.592900568E-03  5.627333042E-03  4.128771450E-03  3.001695896E-03  2.167257060E-03
  1.558755846E-03  1.118529173E-03  8.003745910E-04  5.711668162E-04  4.077437271E-04
  2.921398150E-04  2.098905478E-04  1.506925288E-04  1.081100676E-04  7.780739280E-05
  5.619460904E-05  4.046115190E-05  2.888817736E-05  2.051772828E-05  1.457629506E-05
  1.034097351E-05  7.283665083E-06  5.100025551E-06  3.573503953E-06  2.511796848E-06
  1.761717408E-06  1.234078386E-06  8.623158120E-07  5.998899037E-07  4.156106226E-07
  2.896499336E-07  2.070780059E-07  1.503998379E-07  1.119693073E-07  8.474597355E-08
  6.664308219E-08  5.307875424E-08  4.379374153E-08  3.686533167E-08  3.350841174E-08
  2.958328432E-08  2.508301425E-08  1.960538000E-08  1.496416103E-08  1.146697625E-08
  8.423844855E-09  7.702199834E-09  7.743795068E-09  9.624895778E-09  1.249924021E-08
  1.567466755E-08  2.053548080E-08  2.759085121E-08  3.722611582E-08  4.791525258E-08
  6.226393293E-08  8.848253312E-08  1.244464545E-07  1.695646227E-07  2.329027389E-07
  3.361827646E-07  4.920040734E-07  6.975408204E-07  9.836004969E-07  1.417359001E-06
  2.058082878E-06  2.939830632E-06  4.176830269E-06  6.013631067E-06  8.713943602E-06
  1.248002725E-05  1.771077348E-05  2.522961953E-05  3.606927988E-05  5.119983149E-05
  7.213180072E-05  1.018128702E-04  1.445840340E-04  2.056780711E-04  2.925813126E-04
  4.179585825E-04  6.009144111E-04  8.665624722E-04  1.249247126E-03  1.801799281E-03
  2.603413800E-03  3.761576140E-03  5.418429798E-03  7.774014445E-03  1.111248886E-02
  1.580652051E-02  2.230307720E-02  3.111713629E-02  4.281402644E-02  5.788886229E-02
  7.648538962E-02  9.802312752E-02  1.208983027E-01  1.424338809E-01  1.592436886E-01
  1.681115025E-01  1.671607059E-01  1.566621925E-01  1.388979327E-01  1.171840953E-01
  9.473348421E-02  7.393076325E-02  5.611809729E-02  4.171857743E-02  3.053018010E-02
  2.205878086E-02  1.576760722E-02  1.118148629E-02  7.891046052E-03  5.548675702E-03
  3.883635805E-03  2.705551091E-03  1.881607127E-03  1.310303627E-03  9.133336760E-04
  6.363354134E-04  4.440889298E-04  3.116152588E-04  2.198041973E-04  1.554336298E-04
  1.103516863E-04  7.891710094E-05  5.662918352E-05  4.048058471E-05  2.887649327E-05
  2.073746123E-05  1.494320694E-05  1.065700477E-05  7.514724017E-06  5.328500956E-06
  3.829509143E-06  2.753442263E-06  1.977515946E-06  1.447733153E-06  1.084284029E-06
  8.193099450E-07  6.314168588E-07  5.140416624E-07  4.408164421E-07  3.908848988E-07
  3.792068287E-07  4.032350952E-07  4.551067951E-07  5.311210013E-07  6.534184172E-07
  8.500543935E-07  1.116424674E-06  1.469222548E-06  1.986919274E-06  2.770634070E-06
  3.860559632E-06  5.331558994E-06  7.428453724E-06  1.048125149E-05  1.469484925E-05
  2.028753240E-05  2.794315475E-05  3.879543519E-05  5.390011211E-05  7.431841205E-05
  1.022947029E-04  1.419123806E-04  1.983459872E-04  2.774531719E-04  3.879760788E-04
  5.443490119E-04  7.667560439E-04  1.079953515E-03  1.516290504E-03  2.122470776E-03
  2.962557309E-03  4.115009556E-03  5.672383818E-03  7.749187147E-03  1.048475615E-02
  1.402693751E-02  1.850176267E-02  2.398341150E-02  3.046272314E-02  3.779649221E-02
  4.564166036E-02  5.341588760E-02  6.033023483E-02  6.551139762E-02  6.819517575E-02
  6.793608426E-02  6.474914408E-02  5.911287188E-02  5.182875906E-02  4.380316450E-02
  3.584085742E-02  2.851696215E-02  2.215050557E-02  1.685441511E-02  1.260710482E-02
  9.305152356E-03  6.798422729E-03  4.924280454E-03  3.537931017E-03  2.525109664E-03
  1.795958297E-03  1.275849995E-03  9.049068916E-04  6.402221570E-04  4.529541510E-04
  3.218401576E-04  2.296910138E-04  1.639419354E-04  1.168391336E-04  8.352561337E-05
  6.001998612E-05  4.306057886E-05  3.061522047E-05  2.163875743E-05  1.532522920E-05
  1.084859280E-05  7.606440247E-06  5.288107238E-06  3.690843904E-06  2.592210872E-06
  1.808691096E-06  1.249098161E-06  8.633968831E-07  6.011702502E-07  4.167386682E-07
  2.874600546E-07  2.014899329E-07  1.460483184E-07  1.083526871E-07  8.075492852E-08
  6.241609827E-08  4.880485690E-08  4.011076219E-08  3.366533891E-08  3.058914931E-08
  2.824267044E-08  2.493305061E-08  1.999030617E-08  1.481675461E-08  1.004900198E-08
  6.250876884E-09  3.540506325E-09  1.972572615E-09  1.615351847E-09  3.434014969E-09
  5.938768398E-09  1.071643640E-08  1.825579979E-08  2.775455370E-08  3.846506316E-08
  5.402040047E-08  8.059445039E-08  1.178278459E-07  1.661832582E-07  2.318749280E-07
  3.340684504E-07  4.833309862E-07  6.815318270E-07  9.571481952E-07  1.373493176E-06
  1.988973238E-06  2.838064841E-06  4.027179482E-06  5.781935174E-06  8.362261114E-06
  1.196613147E-05  1.695462587E-05  2.408264759E-05  3.432212791E-05  4.859239742E-05
  6.824766284E-05  9.595534194E-05  1.357378373E-04  1.923723327E-04  2.723897202E-04
  3.868697136E-04  5.529528454E-04  7.931979516E-04  1.137164065E-03  1.629149963E-03
  2.336178240E-03  3.349743151E-03  4.787387011E-03  6.807177954E-03  9.629310944E-03
  1.354088210E-02  1.887612092E-02  2.599121969E-02  3.523834260E-02  4.688696967E-02
  6.094151855E-02  7.689330509E-02  9.353291567E-02  1.089633415E-01  1.209016293E-01
  1.272616164E-01  1.268426811E-01  1.197807178E-01  1.074792130E-01  9.206998813E-02
  7.573764219E-02  6.021957640E-02  4.658783663E-02  3.527362903E-02  2.624760085E-02
  1.924654144E-02  1.394210516E-02  1.000998325E-02  7.143627933E-03  5.071386437E-03
  3.579238052E-03  2.513568924E-03  1.761861838E-03  1.235312128E-03  8.658837918E-04
  6.066168053E-04  4.259992967E-04  3.006398623E-04  2.129191123E-04  1.510997597E-04
  1.077916883E-04  7.747957230E-05  5.576365062E-05  3.991822380E-05  2.856556976E-05
  2.060622143E-05  1.488241608E-05  1.060276871E-05  7.474581916E-06  5.319717276E-06
  3.833997641E-06  2.752506419E-06  1.968835594E-06  1.442446745E-06  1.084339576E-06
  8.193261323E-07  6.275188767E-07  5.093276672E-07  4.406435511E-07  3.959752447E-07
  3.840289103E-07  4.079180342E-07  4.579335277E-07  5.317787997E-07  6.542123085E-07
  8.511631098E-07  1.120163558E-06  1.477162506E-06  2.001804074E-06  2.789669708E-06
  3.874605098E-06  5.347467575E-06  7.465140272E-06  1.055557990E-05  1.480598545E-05
  2.045691733E-05  2.824599248E-05  3.933892086E-05  5.482424062E-05  7.589673905E-05
  1.050318231E-04  1.464901258E-04  2.056244077E-04  2.890135723E-04  4.068506264E-04
  5.752079376E-04  8.158971347E-04  1.156830973E-03  1.637337086E-03  2.314587536E-03
  3.264763937E-03  4.582093459E-03  6.386702734E-03  8.838930862E-03  1.213944449E-02
  1.650691972E-02  2.214923867E-02  2.923985347E-02  3.787350847E-02  4.796689638E-02
  5.912410353E-02  7.054044505E-02  8.102088387E-02  8.915465377E-02  9.363679591E-02
  9.365210570E-02  8.915814707E-02  8.091206479E-02  7.022123157E-02  5.855068721E-02
  4.716359138E-02  3.691193234E-02  2.820826354E-02  2.113092522E-02  1.556818574E-02
  1.132169067E-02  8.156588019E-03  5.834255272E-03  4.145224414E-03  2.927467783E-03
  2.060504759E-03  1.449649078E-03  1.019627074E-03  7.159047963E-04  5.024315016E-04
  3.540865001E-04  2.509670914E-04  1.781556387E-04  1.262808012E-04  8.972697396E-05
  6.412998425E-05  4.582845042E-05  3.246551437E-05  2.285278282E-05  1.613025332E-05
  1.139105066E-05  7.956842938E-06  5.499339004E-06  3.821262403E-06  2.676011948E-06
  1.858226215E-06  1.269170186E-06  8.706635994E-07  6.077765954E-07  4.220372852E-07
  2.876654647E-07  1.977684004E-07  1.426994173E-07  1.046961384E-07  7.650402379E-08
  5.730758710E-08  4.399168427E-08  3.543974533E-08  2.890922051E-08  2.494534155E-08
  2.307964879E-08  2.104449996E-08  1.730821503E-08  1.299214386E-08  8.590052848E-09
  5.152703610E-09  8.873180394E-10 -2.136230552E-09 -3.994146143E-09 -3.778896104E-09
 -1.864334294E-09  2.610250939E-09  1.019413750E-08  1.982051803E-08  3.075286613E-08
  4.713151782E-08  7.203881852E-08  1.094092398E-07  1.588015721E-07  2.250228082E-07
  3.239849883E-07  4.648421500E-07  6.546423893E-07  9.191984068E-07  1.317070222E-06
  1.903673196E-06  2.717626517E-06  3.857560072E-06  5.528714189E-06  7.978399998E-06
  1.140512871E-05  1.613767412E-05  2.285358954E-05  3.245886747E-05  4.581413235E-05
  6.411017079E-05  8.970650415E-05  1.262654974E-04  1.781500849E-04  2.509736947E-04
  3.541061788E-04  5.024648454E-04  7.159526620E-04  1.019690537E-03  1.449729003E-03
  2.060601151E-03  2.927579239E-03  4.145348080E-03  5.834387232E-03  8.156723585E-03
  1.132182425E-02  1.556831059E-02  2.113103359E-02  2.820834757E-02  3.691198587E-02
  4.716361221E-02  5.855067904E-02  7.022120419E-02  8.091203190E-02  8.915812226E-02
  9.365209821E-02  9.363680766E-02  8.915467875E-02  8.102091011E-02  7.054045882E-02
  5.912409419E-02  4.796685941E-02  3.787344531E-02  2.923976885E-02  2.214913766E-02
  1.650680660E-02  1.213932336E-02  8.838806619E-03  6.386580933E-03  4.581979520E-03
  3.264662563E-03  2.314502367E-03  1.637270024E-03  1.156781461E-03  8.158624658E-04
  5.751848194E-04  4.068368175E-04  2.890082359E-04  2.056271429E-04  1.464998124E-04
  1.050462603E-04  7.591308824E-05  5.483972596E-05  3.935132672E-05  2.825369103E-05
  2.045848475E-05  1.479998328E-05  1.054106850E-05  7.442559111E-06  5.318816727E-06
  3.842539611E-06  2.756308381E-06  1.968224387E-06  1.443709130E-06  1.087067500E-06
  8.190928444E-07  6.246083574E-07  5.067736520E-07  4.398012442E-07  3.984097009E-07
  3.868530527E-07  4.102418169E-07  4.589976706E-07  5.304663432E-07  6.515769650E-07
  8.473891395E-07  1.117665800E-06  1.481693505E-06  2.013463595E-06  2.800463707E-06
  3.881755795E-06  5.362848573E-06  7.508983477E-06  1.062607560E-05  1.489466741E-05
  2.060923045E-05  2.856159626E-05  3.990918719E-05  5.575135137E-05  7.746624685E-05
  1.077801038E-04  1.510927142E-04  2.129186945E-04  3.006469889E-04  4.260139934E-04
  6.066392251E-04  8.659152677E-04  1.235355418E-03  1.761920421E-03  2.513645976E-03
  3.579335648E-03  5.071504928E-03  7.143765348E-03  1.001013512E-02  1.394226516E-02
  1.924670231E-02  2.624775469E-02  3.527376714E-02  4.658795019E-02  6.021965855E-02
  7.573769066E-02  9.207000688E-02  1.074792116E-01  1.197807083E-01  1.268426734E-01
  1.272616150E-01  1.209016313E-01  1.089633376E-01  9.353289348E-02  7.689325380E-02
  6.094143223E-02  4.688684873E-02  3.523819285E-02  2.599105021E-02  1.887594189E-02
  1.354070342E-02  9.629141547E-03  6.807025284E-03  4.787256054E-03  3.349635418E-03
  2.336091708E-03  1.629080439E-03  1.137107324E-03  7.931513211E-04  5.529154688E-04
  3.868418811E-04  2.723721360E-04  1.923654763E-04  1.357409974E-04  9.596560833E-05
  6.825998976E-05  4.860118282E-05  3.432321839E-05  2.407413624E-05  1.693593192E-05
  1.193653533E-05  8.320588444E-06  5.727708337E-06  3.961851616E-06  2.765084195E-06
  1.912930541E-06  1.299234308E-06  8.889645148E-07  6.221900085E-07  4.335490253E-07
  2.932444531E-07  1.994864131E-07  1.423121751E-07  1.023454483E-07  7.223472386E-08
  5.060981800E-08  3.806917251E-08  2.954582518E-08  2.242005438E-08  1.764243178E-08
  1.533686452E-08  1.398939039E-08  1.139428112E-08  9.115195075E-09  6.510517339E-09
  3.536623866E-09 -1.401142136E-11 -3.844473205E-09 -7.005026173E-09 -7.974422607E-09
 -6.650461218E-09 -2.592446579E-09  4.043610745E-09  1.375863874E-08  2.462711130E-08
  4.051492561E-08  6.346741401E-08  9.929972461E-08  1.478154748E-07  2.137770259E-07
  3.070017410E-07  4.386396503E-07  6.205038350E-07  8.765230592E-07  1.254668711E-06
  1.807890641E-06  2.587670489E-06  3.684805689E-06  5.281410970E-06  7.599039550E-06
  1.084053617E-05  1.531667021E-05  2.162899820E-05  3.060223828E-05  4.304216100E-05
  5.999584705E-05  8.349859964E-05  1.168142943E-04  1.639242986E-04  2.296840678E-04
  3.218460191E-04  4.529745587E-04  6.402588313E-04  9.049607090E-04  1.275919614E-03
  1.796039392E-03  2.525195664E-03  3.538015155E-03  4.924357662E-03  6.798489877E-03
  9.305206934E-03  1.260714361E-02  1.685443409E-02  2.215050111E-02  2.851693267E-02
  3.584080507E-02  4.380309615E-02  5.182868593E-02  5.911280739E-02  6.474910057E-02
  6.793606958E-02  6.819519087E-02  6.551143613E-02  6.033028497E-02  5.341593638E-02
  4.564169801E-02  3.779651435E-02  3.046272974E-02  2.398340380E-02  1.850174096E-02
  1.402690117E-02  1.048470507E-02  7.749122887E-03  5.672309564E-03  4.114929813E-03
  2.962477846E-03  2.122398134E-03  1.516230341E-03  1.079908629E-03  7.667257919E-04
  5.443306755E-04  3.879669048E-04  2.774514317E-04  1.983506834E-04  1.419224715E-04
  1.023087201E-04  7.433456373E-05  5.391654171E-05  3.881046022E-05  2.795542632E-05
  2.029609683E-05  1.469925147E-05  1.048178351E-05  7.426234950E-06  5.327959617E-06
  3.856117678E-06  2.764379380E-06  1.976818370E-06  1.453472344E-06  1.094741620E-06
  8.243553171E-07  6.276666478E-07  5.102167671E-07  4.430622321E-07  4.016053522E-07
  3.910559060E-07  4.127273277E-07  4.603108787E-07  5.304847469E-07  6.472853224E-07
  8.388054244E-07  1.111342088E-06  1.484440283E-06  2.023318540E-06  2.805150281E-06
  3.882036385E-06  5.376233653E-06  7.553164462E-06  1.068406935E-05  1.495957115E-05
  2.074574834E-05  2.887983473E-05  4.048157616E-05  5.662980535E-05  7.891915874E-05
  1.103569831E-04  1.554436452E-04  2.198196288E-04  3.116358820E-04  4.441139670E-04
  6.363642364E-04  9.133665258E-04  1.310342141E-03  1.881654569E-03  2.705612132E-03
  3.883715661E-03  5.548778649E-03  7.891173872E-03  1.118163743E-02  1.576777687E-02
  2.205896141E-02  3.053036162E-02  4.171874864E-02  5.611824750E-02  7.393088470E-02
  9.473357372E-02  1.171841546E-01  1.388979674E-01  1.566622094E-01  1.671607105E-01
  1.681114958E-01  1.592436669E-01  1.424338370E-01  1.208982290E-01  9.802301933E-02
  7.648524758E-02  5.788869198E-02  4.281383673E-02  3.111693748E-02  2.230287965E-02
  1.580633386E-02  1.111232167E-02  7.773873331E-03  5.418317865E-03  3.761491565E-03
  2.603350150E-03  1.801748056E-03  1.249201145E-03  8.665180196E-04  6.008711703E-04
  4.179181857E-04  2.925460451E-04  2.056502737E-04  1.445654600E-04  1.018035143E-04
  7.212900655E-05  5.119877989E-05  3.606474966E-05  2.521760587E-05  1.768873748E-05
  1.244609521E-05  8.666479890E-06  5.951988164E-06  4.102589539E-06  2.857337549E-06
  1.973841257E-06  1.338558232E-06  9.161558245E-07  6.442327788E-07  4.517437947E-07
  3.051332319E-07  2.068205696E-07  1.456804810E-07  1.018014150E-07  6.713448151E-08
  4.245245060E-08  2.976311719E-08  2.082848672E-08  1.313873339E-08  8.291823755E-09
  5.792422519E-09  4.841479111E-09  3.750152754E-09  2.910867427E-09  2.670137670E-09
  1.221375506E-09 -4.282318580E-10 -3.925264095E-09 -7.270638266E-09 -8.697009563E-09
 -8.185733153E-09 -4.864068316E-09  8.266602854E-11  8.908196624E-09  1.940332731E-08
  3.424942855E-08  5.555645225E-08  8.914217235E-08  1.362937561E-07  2.011742573E-07
  2.878539434E-07  4.113972878E-07  5.866850678E-07  8.360510485E-07  1.194840992E-06
  1.713641941E-06  2.461109727E-06  3.525817542E-06  5.058567390E-06  7.249286605E-06
  1.031321792E-05  1.455410417E-05  2.049915576E-05  2.886992160E-05  4.043921249E-05
  5.616619830E-05  7.777267377E-05  1.080721998E-04  1.506560785E-04  2.098597823E-04
  2.921181632E-04  4.077341355E-04  5.711716381E-04  8.003942261E-04  1.118560298E-03
  1.558790972E-03  2.167286392E-03  3.001710635E-03  4.128766325E-03  5.627306446E-03
  7.592852789E-03  1.013079410E-02  1.333420171E-02  1.725470713E-02  2.187531159E-02
  2.708311753E-02  3.263923460E-02  3.816142603E-02  4.314589140E-02  4.704033337E-02
  4.935570230E-02  4.978404898E-02  4.827926432E-02  4.506593474E-02  4.057364360E-02
  3.532809677E-02  2.984089622E-02  2.452944697E-02  1.968181252E-02  1.546110176E-02
  1.192794202E-02  9.064450761E-03  6.800128868E-03  5.041900786E-03  3.699046287E-03
  2.692108343E-03  1.949453008E-03  1.406177744E-03  1.009501713E-03  7.218006823E-04
  5.162382064E-04  3.706645679E-04  2.666768577E-04  1.915412371E-04  1.377100483E-04
  9.980634746E-05  7.286235250E-05  5.304146618E-05  3.831370939E-05  2.768995908E-05
  2.013711600E-05  1.459266205E-05  1.042954587E-05  7.424533955E-06  5.345110956E-06
  3.870225809E-06  2.774060016E-06  1.990732611E-06  1.468535077E-06  1.107511846E-06
  8.352672263E-07  6.372047765E-07  5.200220348E-07  4.517804941E-07  4.083817866E-07
  3.996728213E-07  4.190644592E-07  4.641877402E-07  5.325352752E-07  6.449494253E-07
  8.310503504E-07  1.105160456E-06  1.485998879E-06  2.032733130E-06  2.808691629E-06
  3.879743203E-06  5.388504115E-06  7.591532402E-06  1.072947939E-05  1.500990242E-05
  2.087518284E-05  2.919020195E-05  4.100609588E-05  5.738570378E-05  8.015216011E-05
  1.126003989E-04  1.592852939E-04  2.258879390E-04  3.212028268E-04  4.597912135E-04
  6.621847226E-04  9.548897517E-04  1.376437111E-03  1.987537939E-03  2.875430961E-03
  4.153708452E-03  5.975769164E-03  8.567944091E-03  1.225468167E-02  1.745753222E-02
  2.469501393E-02  3.461303426E-02  4.798787616E-02  6.558445219E-02  8.782984563E-02
  1.143770882E-01  1.436726153E-01  1.726555547E-01  1.968842741E-01  2.115130853E-01
  2.130815653E-01  2.011470221E-01  1.785170369E-01  1.498906825E-01  1.199925059E-01
  9.233918703E-02  6.888858934E-02  5.023357772E-02  3.603886600E-02  2.553836312E-02
  1.791670608E-02  1.247742354E-02  8.653306762E-03  5.986431212E-03  4.129720930E-03
  2.841212895E-03  1.954537448E-03  1.347648003E-03  9.306068304E-04  6.427260911E-04
  4.450460504E-04  3.100990924E-04  2.171428041E-04  1.521772493E-04  1.068394571E-04
  7.545859322E-05  5.342671482E-05  3.756167581E-05  2.620836751E-05  1.834141026E-05
  1.288397749E-05  8.962518252E-06  6.146594709E-06  4.229927305E-06  2.945223360E-06
  2.035745940E-06  1.381113516E-06  9.468125765E-07  6.706291872E-07  4.742862496E-07
  3.219213736E-07  2.177881112E-07  1.514951694E-07  1.027111814E-07  6.220507548E-08
  3.416065705E-08  1.924134350E-08  1.035200048E-08  2.793416371E-09 -2.596076642E-09
 -4.506548561E-09 -4.693481564E-09 -3.926677503E-09 -4.206662247E-09 -2.850229630E-09
 -2.134400219E-09 -1.952503278E-09 -3.431351247E-09 -5.250965490E-09 -6.275161534E-09
 -6.078435409E-09 -4.211436400E-09 -1.703764453E-09  4.892960864E-09  1.528921826E-08
  2.987292329E-08  4.951574004E-08  8.156288690E-08  1.285679804E-07  1.922056106E-07
  2.734267479E-07  3.889336815E-07  5.588485820E-07  8.028987247E-07  1.144760985E-06
  1.634487033E-06  2.354604662E-06  3.395542555E-06  4.871689356E-06  6.945928481E-06
  9.857699462E-06  1.391216104E-05  1.955250099E-05  2.738175752E-05  3.816482980E-05
  5.285683930E-05  7.291981019E-05  1.006633980E-04  1.392641523E-04  1.927765761E-04
  2.667478501E-04  3.695259351E-04  5.129429675E-04  7.122020686E-04  9.864961930E-04
  1.361589646E-03  1.872446908E-03  2.562805920E-03  3.482628239E-03  4.687308828E-03
  6.238868806E-03  8.202449998E-03  1.063281091E-02  1.355412390E-02  1.693983459E-02
  2.069581628E-02  2.464805853E-02  2.854067278E-02  3.205364900E-02  3.484414862E-02
  3.660534155E-02  3.712942664E-02  3.635557864E-02  3.438368699E-02  3.144817416E-02
  2.786450798E-02  2.396836291E-02  2.006346808E-02  1.638757926E-02  1.309837507E-02
  1.027482322E-02  7.929666356E-03  6.030702891E-03  4.525151538E-03  3.356574691E-03
  2.468903416E-03  1.805541979E-03  1.313394741E-03  9.497212494E-04  6.839103993E-04
  4.927223153E-04  3.560334998E-04  2.573844437E-04  1.856830649E-04  1.342000884E-04
  9.774981866E-05  7.159976764E-05  5.225785083E-05  3.788301152E-05  2.747951607E-05
  2.000876403E-05  1.449789868E-05  1.038436038E-05  7.428891961E-06  5.365435939E-06
  3.881977517E-06  2.782492952E-06  2.005066764E-06  1.485919769E-06  1.122911914E-06
  8.481729344E-07  6.521968840E-07  5.352955865E-07  4.654465082E-07  4.200042243E-07
  4.112796426E-07  4.282762748E-07  4.714319196E-07  5.369998972E-07  6.468432916E-07
  8.286908051E-07  1.102292629E-06  1.488891544E-06  2.040695236E-06  2.812488089E-06
  3.880750323E-06  5.401505534E-06  7.620497033E-06  1.076424375E-05  1.505439026E-05
  2.099526294E-05  2.946163030E-05  4.142091666E-05  5.794559269E-05  8.107289893E-05
  1.143486187E-04  1.623315953E-04  2.306461605E-04  3.285842184E-04  4.718300564E-04
  6.821457282E-04  9.873203743E-04  1.428382527E-03  2.070751067E-03  3.008636637E-03
  4.366023562E-03  6.314469850E-03  9.110704176E-03  1.312346909E-02  1.883725751E-02
  2.687015680E-02  3.802974206E-02  5.332109068E-02  7.377397170E-02  1.000577385E-01
  1.319630421E-01  1.678241231E-01  2.039821521E-01  2.347459250E-01  2.536069708E-01
  2.557839744E-01  2.406502148E-01  2.120793764E-01  1.764058705E-01  1.397347320E-01
  1.063481919E-01  7.845075750E-02  5.657760900E-02  4.017954481E-02  2.822183055E-02
  1.964713958E-02  1.358577011E-02  9.360391515E-03  6.439184334E-03  4.421458701E-03
  3.029083401E-03  2.074792940E-03  1.424682754E-03  9.804601011E-04  6.751960073E-04
  4.660859121E-04  3.236963450E-04  2.260307204E-04  1.580583794E-04  1.107168466E-04
  7.800264807E-05  5.511612767E-05  3.870332231E-05  2.698004812E-05  1.885542780E-05
  1.322554623E-05  9.187230987E-06  6.293424806E-06  4.331413765E-06  3.019452994E-06
  2.089042041E-06  1.417660384E-06  9.742214488E-07  6.948667250E-07  4.957914128E-07
  3.390916951E-07  2.288779452E-07  1.570356089E-07  1.031329243E-07  5.718392145E-08
  2.555271541E-08  8.253779271E-09 -6.326997416E-10 -8.090886373E-09 -1.387492160E-08
 -1.456922030E-08 -1.377144458E-08 -1.187377589E-08 -1.125293663E-08 -9.218438512E-09
 -7.023986207E-09 -4.799795377E-09 -3.665457373E-09 -3.163781733E-09 -2.605067115E-09
 -2.259145475E-09 -2.324366824E-09 -2.174163873E-09  1.872643085E-09  1.200710678E-08
  2.720421613E-08  4.642292633E-08  7.769662950E-08  1.256651529E-07  1.890392388E-07
  2.662605383E-07  3.734920715E-07  5.391313777E-07  7.794520666E-07  1.108600079E-06
  1.578434476E-06  2.280680420E-06  3.303570027E-06  4.730548247E-06  6.708466807E-06
  9.505283280E-06  1.343827780E-05  1.885631696E-05  2.624472273E-05  3.637893894E-05
  5.028309051E-05  6.923374769E-05  9.505140089E-05  1.305194151E-04  1.795719336E-04
  2.472953187E-04  3.405378468E-04  4.688549928E-04  6.452963927E-04  8.866435507E-04
  1.213889159E-03  1.653653823E-03  2.238876562E-03  3.007960351E-03  4.002652936E-03
  5.265467675E-03  6.836223923E-03  8.744773540E-03  1.099948813E-02  1.357437138E-02
  1.639742768E-02  1.934348487E-02  2.223599671E-02  2.486084418E-02  2.699111542E-02
  2.841929765E-02  2.899266237E-02  2.864427087E-02  2.740830714E-02  2.541309000E-02
  2.285581084E-02  1.996806907E-02  1.697951936E-02  1.408613884E-02  1.142987621E-02
  9.093219896E-03  7.106854367E-03  5.465187010E-03  4.142554609E-03  3.103005366E-03
  2.303590888E-03  1.697964742E-03  1.242959137E-03  9.040291210E-04  6.552041853E-04
  4.750722563E-04  3.449443007E-04  2.502172992E-04  1.812098368E-04  1.316240073E-04
  9.626554961E-05  7.062950489E-05  5.161398746E-05  3.754211070E-05  2.733785839E-05
  1.992664437E-05  1.442474011E-05  1.034531706E-05  7.430690636E-06  5.382201341E-06
  3.891576644E-06  2.789420648E-06  2.016964732E-06  1.501504642E-06  1.137380978E-06
  8.619059947E-07  6.692857396E-07  5.521699940E-07  4.812048133E-07  4.336311901E-07
  4.241404143E-07  4.369072418E-07  4.787036458E-07  5.425497964E-07  6.499809551E-07
  8.292910899E-07  1.102101002E-06  1.491971741E-06  2.044914484E-06  2.815445899E-06
  3.882836862E-06  5.411519922E-06  7.639330120E-06  1.078544469E-05  1.508784383E-05
  2.108482233E-05  2.964632080E-05  4.167845835E-05  5.827244762E-05  8.162719823E-05
  1.154604410E-04  1.642958111E-04  2.336731264E-04  3.332064366E-04  4.793484753E-04
  6.947301782E-04  1.007984108E-03  1.461618247E-03  2.123891736E-03  3.093489803E-03
  4.501569726E-03  6.532324883E-03  9.462890095E-03  1.369117992E-02  1.974425923E-02
  2.831083166E-02  4.031550831E-02  5.693004651E-02  7.938135479E-02  1.085327785E-01
  1.443153344E-01  1.850347218E-01  2.266213246E-01  2.624192748E-01  2.845733663E-01
  2.872095422E-01  2.695531471E-01  2.363719083E-01  1.953382375E-01  1.536350334E-01
  1.160853436E-01  8.501876018E-02  6.088492870E-02  4.295904375E-02  3.000483111E-02
  2.078737397E-02  1.431090105E-02  9.819715465E-03  6.731345460E-03  4.608900988E-03
  3.149578388E-03  2.151785387E-03  1.473808951E-03  1.012083906E-03  6.957077063E-04
  4.793567253E-04  3.322734951E-04  2.316423911E-04  1.617734863E-04  1.131555904E-04
  7.958468642E-05  5.615690983E-05  3.941261874E-05  2.747158215E-05  1.919033733E-05
  1.344622908E-05  9.326859576E-06  6.384284972E-06  4.395783800E-06  3.068343934E-06
  2.124400929E-06  1.440435240E-06  9.914783827E-07  7.104547146E-07  5.101413119E-07
  3.499505331E-07  2.349584845E-07  1.588638685E-07  1.010860743E-07  5.149014064E-08
  1.665350933E-08 -1.429378617E-09 -1.083160712E-08 -1.835542164E-08 -2.375782027E-08
 -2.421517316E-08 -2.239768392E-08 -2.002861391E-08 -1.849562434E-08 -1.598946029E-08
 -1.299146264E-08 -8.941441361E-09 -6.049006127E-09 -3.538189686E-09 -1.282123312E-09
 -5.092661796E-10 -1.741331071E-09 -4.075349461E-09 -1.940734650E-09  8.367816087E-09
  2.405845233E-08  4.426776325E-08  7.557401710E-08  1.246188938E-07  1.878528994E-07
  2.621909085E-07  3.638630420E-07  5.258816522E-07  7.634773372E-07  1.086571900E-06
  1.545479733E-06  2.239455839E-06  3.251387503E-06  4.642238026E-06  6.554877976E-06
  9.281921016E-06  1.315405294E-05  1.843928238E-05  2.553536997E-05  3.523113663E-05
  4.863684852E-05  6.692282771E-05  9.154927300E-05  1.250075729E-04  1.711926465E-04
  2.350289425E-04  3.224072916E-04  4.413252275E-04  6.034378184E-04  8.243059329E-04
  1.122434559E-03  1.519258689E-03  2.040686073E-03  2.718174515E-03  3.586701555E-03
  4.679744845E-03  6.024062205E-03  7.635225957E-03  9.512402769E-03  1.163116008E-02
  1.393495819E-02  1.632896091E-02  1.868110255E-02  2.083224033E-02  2.261291161E-02
  2.386376859E-02  2.445886773E-02  2.432908475E-02  2.347787158E-02  2.198252009E-02
  1.998140509E-02  1.765152643E-02  1.517986688E-02  1.273422847E-02  1.044263679E-02
  8.387065323E-03  6.608935631E-03  5.119297296E-03  3.907678706E-03  2.947738958E-03
  2.202473105E-03  1.631587519E-03  1.198846387E-03  8.752420630E-04  6.372543936E-04
  4.641327242E-04  3.380284875E-04  2.456867919E-04  1.784196696E-04  1.300769754E-04
  9.538395728E-05  7.001343074E-05  5.117857437E-05  3.731842879E-05  2.725975972E-05
  1.988566920E-05  1.437592357E-05  1.031415062E-05  7.428483422E-06  5.391274474E-06
  3.896118732E-06  2.792723229E-06  2.023974088E-06  1.510872169E-06  1.147526887E-06
  8.725670503E-07  6.802390940E-07  5.637718257E-07  4.927978191E-07  4.447496486E-07
  4.294350996E-07  4.392946106E-07  4.800431353E-07  5.434691860E-07  6.495736899E-07
  8.280664755E-07  1.100566282E-06  1.491156836E-06  2.044083949E-06  2.814765353E-06
  3.881279473E-06  5.412883319E-06  7.644481240E-06  1.079051696E-05  1.509857016E-05
  2.111680583E-05  2.970959421E-05  4.176234476E-05  5.837461106E-05  8.180763454E-05
  1.158402695E-04  1.649722871E-04  2.347074657E-04  3.347722142E-04  4.818925407E-04
  6.990211061E-04  1.015081551E-03  1.473054966E-03  2.142147685E-03  3.122597097E-03
  4.548131160E-03  6.607490108E-03  9.585016036E-03  1.388880140E-02  2.006097691E-02
  2.881585948E-02  4.112091859E-02  5.820916529E-02  8.138087953E-02  1.115744872E-01
  1.487811146E-01  1.913070806E-01  2.349367471E-01  2.726476002E-01  2.960596636E-01
  2.988684591E-01  2.802418179E-01  2.453018677E-01  2.022450621E-01  1.586665434E-01
  1.195849851E-01  8.736454043E-02  6.241410919E-02  4.394005104E-02  3.063078953E-02
  2.118592381E-02  1.456340183E-02  9.979046464E-03  6.832324748E-03  4.673539826E-03
  3.191097969E-03  2.178291923E-03  1.490687779E-03  1.022916739E-03  7.027100821E-04
  4.838781311E-04  3.351966893E-04  2.335565097E-04  1.630410334E-04  1.139850365E-04
  8.011687761E-05  5.650390246E-05  3.965060976E-05  2.763903199E-05  1.930591869E-05
  1.352104577E-05  9.372312970E-06  6.413583862E-06  4.415698187E-06  3.083126428E-06
  2.134908880E-06  1.446103813E-06  9.951668469E-07  7.136742576E-07  5.130426418E-07
  3.512626042E-07  2.344145486E-07  1.567674543E-07  9.773245490E-08  4.707632734E-08
  1.083293178E-08 -7.298361034E-09 -1.697340992E-08 -2.440164129E-08 -2.954367238E-08
 -3.045847058E-08 -2.811918816E-08 -2.548788541E-08 -2.367979231E-08 -2.101760637E-08
 -1.780179813E-08 -1.305751595E-08 -9.553389726E-09 -6.243619554E-09 -3.378105891E-09
 -2.206013048E-09 -3.553841119E-09 -7.312116206E-09 -5.997834884E-09  4.671867371E-09
  2.044649676E-08  4.128762040E-08  7.283963588E-08  1.223780509E-07  1.854075570E-07
  2.585924833E-07  3.585411657E-07  5.187838260E-07  7.552035672E-07  1.077227048E-06
  1.532656728E-06  2.224551665E-06  3.233372681E-06  4.610455539E-06  6.499289252E-06
  9.203396670E-06  1.305847982E-05  1.829983908E-05  2.529316139E-05  3.483219454E-05
  4.806587402E-05  6.613188584E-05  9.035638063E-05  1.231198835E-04  1.683118889E-04
  2.308297686E-04  3.162288417E-04  4.319521511E-04  5.891712043E-04  8.030854672E-04
  1.091458615E-03  1.473950534E-03  1.974011702E-03  2.620759580E-03  3.447139910E-03
  4.484210131E-03  5.754874241E-03  7.269972074E-03  9.025487831E-03  1.099756257E-02
  1.313495850E-02  1.535299305E-02  1.753402815E-02  1.953611090E-02  2.120718186E-02
  2.240220273E-02  2.300316402E-02  2.294043193E-02  2.220859060E-02  2.086992309E-02
  1.904506552E-02  1.689392412E-02  1.458940641E-02  1.228939789E-02  1.011660549E-02
  8.152494622E-03  6.442273016E-03  5.002830875E-03  3.828493550E-03  2.895509471E-03
  2.168495365E-03  1.609165967E-03  1.183802180E-03  8.653859264E-04  6.311329230E-04
  4.604224629E-04  3.356765748E-04  2.441325680E-04  1.774711205E-04  1.295635744E-04
  9.509114450E-05  6.979868292E-05  5.102127399E-05  3.723792776E-05  2.723282585E-05
  1.987177000E-05  1.435624797E-05  1.029966064E-05  7.425337783E-06  5.392273700E-06
  3.894997864E-06  2.791388227E-06  2.024325103E-06  1.511965520E-06  1.149437985E-06
  8.746129386E-07  6.814082446E-07  5.657342800E-07  4.950805162E-07  4.477854320E-07
  4.203891231E-07  4.331559506E-07  4.749523547E-07  5.387985053E-07  6.462296639E-07
  8.255397988E-07  1.098349711E-06  1.488220450E-06  2.041163193E-06  2.811694608E-06
  3.879085570E-06  5.407768631E-06  7.635578829E-06  1.078169339E-05  1.508409254E-05
  2.108107104E-05  2.964256951E-05  4.167470706E-05  5.826869633E-05  8.162344694E-05
  1.154566897E-04  1.642920598E-04  2.336693751E-04  3.332026853E-04  4.793447241E-04
  6.947264270E-04  1.007980357E-03  1.461614496E-03  2.123887985E-03  3.093486051E-03
  4.501565974E-03  6.532321132E-03  9.462886344E-03  1.369117617E-02  1.974425548E-02
  2.831082791E-02  4.031550455E-02  5.693004275E-02  7.938135104E-02  1.085327747E-01
  1.443153306E-01  1.850347180E-01  2.266213209E-01  2.624192711E-01  2.845733626E-01
  2.872095385E-01  2.695531433E-01  2.363719045E-01  1.953382337E-01  1.536350296E-01
  1.160853398E-01  8.501875643E-02  6.088492495E-02  4.295903999E-02  3.000482736E-02
  2.078737021E-02  1.431089730E-02  9.819711714E-03  6.731341709E-03  4.608897237E-03
  3.149574637E-03  2.151781635E-03  1.473805200E-03  1.012080154E-03  6.957039550E-04
  4.793529740E-04  3.322697439E-04  2.316386399E-04  1.617697350E-04  1.131518391E-04
  7.958093513E-05  5.615315854E-05  3.940886744E-05  2.746783086E-05  1.918658604E-05
  1.344247779E-05  9.323108285E-06  6.380533681E-06  4.392032509E-06  3.064592643E-06
  2.120649638E-06  1.436683949E-06  9.877270916E-07  7.067034235E-07  5.063900208E-07
  3.461992420E-07  2.312071933E-07  1.551125774E-07  9.733478313E-08  4.773884951E-08
  1.290221821E-08 -5.180669739E-09 -1.458289825E-08 -2.210671276E-08 -2.750911140E-08
 -2.796646428E-08 -2.614897504E-08 -2.377990504E-08 -2.224691547E-08 -1.974075142E-08
 -1.674275377E-08 -1.269273249E-08 -9.800297271E-09 -7.289480816E-09 -5.033414446E-09
 -4.260557315E-09 -5.492622180E-09 -7.826640587E-09 -5.692025765E-09  4.616524960E-09
  2.030716120E-08  4.051647213E-08  7.182272598E-08  1.208676027E-07  1.841016082E-07
  2.584396174E-07  3.601117508E-07  5.221303611E-07  7.597260460E-07  1.082820609E-06
  1.541728442E-06  2.235704548E-06  3.247636212E-06  4.638486734E-06  6.551126685E-06
  9.278169725E-06  1.315030165E-05  1.843553109E-05  2.553161868E-05  3.522738534E-05
  4.863309722E-05  6.691907642E-05  9.154552171E-05  1.250038216E-04  1.711888952E-04
  2.350251912E-04  3.224035403E-04  4.413214763E-04  6.034340671E-04  8.243021816E-04
  1.122430807E-03  1.519254938E-03  2.040682321E-03  2.718170763E-03  3.586697804E-03
  4.679741094E-03  6.024058453E-03  7.635222206E-03  9.512399017E-03  1.163115632E-02
  1.393495444E-02  1.632895716E-02  1.868109879E-02  2.083223658E-02  2.261290785E-02
  2.386376483E-02  2.445886398E-02  2.432908100E-02  2.347786782E-02  2.198251634E-02
  1.998140134E-02  1.765152268E-02  1.517986313E-02  1.273422472E-02  1.044263304E-02
  8.387061571E-03  6.608931880E-03  5.119293544E-03  3.907674954E-03  2.947735206E-03
  2.202469353E-03  1.631583768E-03  1.198842636E-03  8.752383117E-04  6.372506423E-04
  4.641289729E-04  3.380247362E-04  2.456830406E-04  1.784159183E-04  1.300732241E-04
  9.538020599E-05  7.000967945E-05  5.117482308E-05  3.731467750E-05  2.725600843E-05
  1.988191791E-05  1.437217228E-05  1.031039932E-05  7.424732131E-06  5.387523183E-06
  3.892367441E-06  2.788971937E-06  2.020222797E-06  1.507120878E-06  1.143775596E-06
  8.688157592E-07  6.764878028E-07  5.600205345E-07  4.890465279E-07  4.409983574E-07
  4.101676365E-07  4.271642687E-07  4.703199135E-07  5.358878911E-07  6.457312854E-07
  8.275787990E-07  1.101180623E-06  1.487779538E-06  2.039583230E-06  2.811376082E-06
  3.879638317E-06  5.400393527E-06  7.619385027E-06  1.076313174E-05  1.505327826E-05
  2.099415093E-05  2.946051829E-05  4.141980465E-05  5.794448068E-05  8.107178693E-05
  1.143475067E-04  1.623304833E-04  2.306450484E-04  3.285831063E-04  4.718289444E-04
  6.821446162E-04  9.873192623E-04  1.428381415E-03  2.070749955E-03  3.008635525E-03
  4.366022450E-03  6.314468738E-03  9.110703064E-03  1.312346798E-02  1.883725640E-02
  2.687015568E-02  3.802974095E-02  5.332108957E-02  7.377397058E-02  1.000577374E-01
  1.319630410E-01  1.678241220E-01  2.039821509E-01  2.347459239E-01  2.536069697E-01
  2.557839733E-01  2.406502137E-01  2.120793753E-01  1.764058693E-01  1.397347309E-01
  1.063481908E-01  7.845075639E-02  5.657760788E-02  4.017954370E-02  2.822182944E-02
  1.964713847E-02  1.358576900E-02  9.360390403E-03  6.439183222E-03  4.421457589E-03
  3.029082289E-03  2.074791828E-03  1.424681642E-03  9.804589891E-04  6.751948953E-04
  4.660848001E-04  3.236952330E-04  2.260296084E-04  1.580572674E-04  1.107157346E-04
  7.800153606E-05  5.511501566E-05  3.870221030E-05  2.697893611E-05  1.885431580E-05
  1.322443422E-05  9.186118981E-06  6.292312800E-06  4.330301759E-06  3.018340988E-06
  2.087930035E-06  1.416548378E-06  9.731094427E-07  6.937547188E-07  4.946794067E-07
  3.379796890E-07  2.277659391E-07  1.559236028E-07  1.020209182E-07  5.607191532E-08
  2.444070928E-08  7.141773143E-09 -1.744705877E-09 -9.202892504E-09 -1.498692774E-08
 -1.568122643E-08 -1.488345072E-08 -1.298578202E-08 -1.236494276E-08 -1.033044464E-08
 -8.135992343E-09 -5.911801507E-09 -4.777463505E-09 -4.275787864E-09 -3.717073243E-09
 -3.371151594E-09 -3.436372958E-09 -3.286170002E-09  7.606369527E-10  1.089510064E-08
  2.609221000E-08  4.531092020E-08  7.658462337E-08  1.245531468E-07  1.879272327E-07
  2.651485322E-07  3.723800654E-07  5.380193716E-07  7.783400605E-07  1.107488073E-06
  1.577322470E-06  2.279568414E-06  3.302458021E-06  4.729436241E-06  6.707354801E-06
  9.504171274E-06  1.343716580E-05  1.885520495E-05  2.624361072E-05  3.637782694E-05
  5.028197851E-05  6.923263569E-05  9.505028889E-05  1.305183031E-04  1.795708216E-04
  2.472942067E-04  3.405367348E-04  4.688538808E-04  6.452952807E-04  8.866424387E-04
  1.213888047E-03  1.653652711E-03  2.238875450E-03  3.007959239E-03  4.002651824E-03
  5.265466563E-03  6.836222811E-03  8.744772428E-03  1.099948702E-02  1.357437027E-02
  1.639742657E-02  1.934348376E-02  2.223599560E-02  2.486084307E-02  2.699111431E-02
  2.841929654E-02  2.899266126E-02  2.864426976E-02  2.740830603E-02  2.541308889E-02
  2.285580973E-02  1.996806796E-02  1.697951825E-02  1.408613772E-02  1.142987510E-02
  9.093218784E-03  7.106853255E-03  5.465185898E-03  4.142553497E-03  3.103004254E-03
  2.303589776E-03  1.697963630E-03  1.242958025E-03  9.040280089E-04  6.552030733E-04
  4.750711443E-04  3.449431887E-04  2.502161872E-04  1.812087248E-04  1.316228953E-04
  9.626443761E-05  7.062839289E-05  5.161287545E-05  3.754099869E-05  2.733674639E-05
  
